             o  ,    o  ,                               KUTZTOWN, PENNSYLVANIA                         Astronomical Applications Dept.
Location: W075 47, N40 31                          Rise and Set for the Sun for 2008                   U. S. Naval Observatory        
                                                                                                       Washington, DC  20392-5420     
                                                         Eastern Standard Time                                                        
                                                                                                                                      
                                                                                                                                      
       Jan.       Feb.       Mar.       Apr.       May        June       July       Aug.       Sept.      Oct.       Nov.       Dec.  
Day Rise  Set  Rise  Set  Rise  Set  Rise  Set  Rise  Set  Rise  Set  Rise  Set  Rise  Set  Rise  Set  Rise  Set  Rise  Set  Rise  Set
     h m  h m   h m  h m   h m  h m   h m  h m   h m  h m   h m  h m   h m  h m   h m  h m   h m  h m   h m  h m   h m  h m   h m  h m
01  0727 1647  0713 1721  0636 1755  0546 1828  0502 1859  0435 1928  0437 1937  0501 1918  0531 1834  0600 1745  0634 1659  0708 1637
02  0727 1648  0712 1722  0635 1756  0545 1829  0500 1900  0434 1929  0437 1937  0502 1916  0532 1833  0601 1743  0635 1658  0709 1637
03  0727 1648  0711 1723  0633 1757  0543 1830  0459 1901  0434 1929  0438 1937  0503 1915  0533 1831  0602 1741  0636 1657  0710 1636
04  0727 1649  0710 1724  0632 1758  0541 1831  0458 1902  0434 1930  0438 1937  0504 1914  0534 1830  0603 1740  0637 1656  0711 1636
05  0727 1650  0709 1725  0630 1800  0540 1832  0457 1903  0433 1931  0439 1937  0504 1913  0535 1828  0604 1738  0638 1655  0712 1636
06  0727 1651  0708 1727  0628 1801  0538 1833  0456 1904  0433 1931  0439 1936  0505 1912  0536 1826  0605 1736  0639 1654  0712 1636
07  0727 1652  0707 1728  0627 1802  0536 1834  0454 1905  0433 1932  0440 1936  0506 1911  0537 1825  0606 1735  0641 1653  0713 1636
08  0727 1653  0706 1729  0625 1803  0535 1836  0453 1906  0433 1932  0441 1936  0507 1909  0538 1823  0607 1733  0642 1652  0714 1636
09  0726 1654  0705 1730  0624 1804  0533 1837  0452 1907  0432 1933  0441 1935  0508 1908  0538 1821  0608 1732  0643 1651  0715 1636
10  0726 1655  0704 1732  0622 1805  0532 1838  0451 1908  0432 1933  0442 1935  0509 1907  0539 1820  0609 1730  0644 1650  0716 1636
11  0726 1656  0702 1733  0621 1806  0530 1839  0450 1909  0432 1934  0443 1934  0510 1905  0540 1818  0610 1728  0645 1649  0717 1636
12  0726 1657  0701 1734  0619 1807  0529 1840  0449 1910  0432 1934  0443 1934  0511 1904  0541 1816  0611 1727  0647 1648  0718 1637
13  0725 1658  0700 1735  0617 1808  0527 1841  0448 1911  0432 1935  0444 1933  0512 1903  0542 1815  0612 1725  0648 1647  0718 1637
14  0725 1659  0659 1736  0616 1809  0526 1842  0447 1912  0432 1935  0445 1933  0513 1901  0543 1813  0613 1724  0649 1646  0719 1637
15  0725 1700  0657 1738  0614 1810  0524 1843  0446 1913  0432 1936  0446 1932  0514 1900  0544 1811  0615 1722  0650 1645  0720 1637
16  0724 1702  0656 1739  0612 1811  0522 1844  0445 1914  0432 1936  0447 1932  0515 1859  0545 1810  0616 1721  0651 1644  0720 1638
17  0724 1703  0655 1740  0611 1813  0521 1845  0444 1915  0432 1936  0447 1931  0516 1857  0546 1808  0617 1719  0652 1644  0721 1638
18  0723 1704  0654 1741  0609 1814  0520 1846  0444 1916  0432 1937  0448 1930  0517 1856  0547 1806  0618 1718  0653 1643  0722 1638
19  0723 1705  0652 1742  0607 1815  0518 1847  0443 1917  0432 1937  0449 1929  0518 1854  0548 1805  0619 1716  0655 1642  0722 1639
20  0722 1706  0651 1744  0606 1816  0517 1848  0442 1918  0433 1937  0450 1929  0519 1853  0549 1803  0620 1715  0656 1642  0723 1639
21  0722 1707  0649 1745  0604 1817  0515 1849  0441 1919  0433 1937  0451 1928  0520 1851  0550 1801  0621 1714  0657 1641  0723 1640
22  0721 1708  0648 1746  0603 1818  0514 1850  0440 1920  0433 1937  0452 1927  0521 1850  0551 1759  0622 1712  0658 1640  0724 1640
23  0721 1710  0647 1747  0601 1819  0512 1851  0440 1921  0433 1938  0452 1926  0522 1848  0552 1758  0623 1711  0659 1640  0724 1641
24  0720 1711  0645 1748  0559 1820  0511 1852  0439 1922  0434 1938  0453 1925  0523 1847  0553 1756  0624 1709  0700 1639  0725 1641
25  0719 1712  0644 1749  0558 1821  0510 1853  0438 1922  0434 1938  0454 1925  0524 1845  0554 1754  0626 1708  0701 1639  0725 1642
26  0718 1713  0642 1751  0556 1822  0508 1854  0438 1923  0434 1938  0455 1924  0525 1844  0555 1753  0627 1707  0702 1638  0725 1643
27  0718 1714  0641 1752  0554 1823  0507 1855  0437 1924  0435 1938  0456 1923  0526 1842  0556 1751  0628 1705  0704 1638  0726 1643
28  0717 1716  0639 1753  0553 1824  0505 1856  0437 1925  0435 1938  0457 1922  0527 1841  0557 1749  0629 1704  0705 1638  0726 1644
29  0716 1717  0638 1754  0551 1825  0504 1857  0436 1926  0436 1938  0458 1921  0528 1839  0558 1748  0630 1703  0706 1637  0726 1645
30  0715 1718             0549 1826  0503 1858  0436 1926  0436 1938  0459 1920  0529 1838  0559 1746  0631 1702  0707 1637  0726 1646
31  0714 1719             0548 1827             0435 1927             0500 1919  0530 1836             0632 1700             0727 1646

                                             Add one hour for daylight time, if and when in use.


